[app/ui]
version = 6.4.0
modtime = 1466028006.941485000

[app/launcher]
version = 6.4.0
modtime = 1466028006.943299000

[nav/default]
version = 6.4.0
modtime = 1466704190.157297000

[views/evidentio_overview_dashbaord]
owner = admin
version = 6.4.0
modtime = 1466708943.906958000
